
----------------------------
Testing the decomp function
----------------------------

Random matrix A:

    0.0578      0.679      0.497     0.0376 
     0.532      0.611       0.79      0.784 
     0.906       0.36      0.946      0.274 
     0.115      0.399      0.992      0.883 
    0.0207      0.829      0.275      0.664 
     0.951      0.558      0.669      0.616 

R from random matrix:

      1.42      0.903       1.45      0.962 
         0       1.14      0.743      0.859 
         0          0      0.789      0.427 
         0          0          0      0.669 

Determinant of R and A = 0.858048911819525

Identity:

         1          0          0          0 
         0          1          0          0 
         0          0          1          0 
         0          0          0          1 

QT times Q:

         1  -7.63e-17  -2.22e-16   2.22e-16 
 -7.63e-17          1  -2.39e-16   3.99e-17 
 -2.22e-16  -2.39e-16          1  -1.25e-16 
  2.22e-16   3.99e-17  -1.25e-16          1 

TEST: QT*Q is approx equal to I

Q * R

    0.0578      0.679      0.497     0.0376 
     0.532      0.611       0.79      0.784 
     0.906       0.36      0.946      0.274 
     0.115      0.399      0.992      0.883 
    0.0207      0.829      0.275      0.664 
     0.951      0.558      0.669      0.616 

TEST: QR is approx equal to A

----------------------------
Testing the solve function
----------------------------

Random matrix A

     0.324      0.849      0.833      0.117    0.00311      0.213 
     0.958      0.346       0.72     0.0239     0.0192      0.158 
     0.309      0.735        0.8      0.364      0.358      0.502 
     0.603     0.0703      0.164      0.836      0.992      0.382 
     0.671      0.529      0.525      0.426      0.709      0.652 
     0.581      0.635      0.596      0.146      0.766      0.829 

B:
     0.427      0.827      0.151      0.344       0.65      0.831 

X:
      1.11       1.07     -0.675      -1.05       0.87     -0.731 

A * X:
     0.427      0.827      0.151      0.344       0.65      0.831 

A * X is approx equal to B

----------------------------
Testing the inverse function
----------------------------

Random matrix A:

     0.062      0.645      0.141      0.552      0.715      0.448 
     0.218      0.397      0.262      0.425      0.894    0.00592 
     0.172      0.635     0.0638      0.651     0.0266      0.704 
     0.801      0.983      0.252      0.196       0.69      0.173 
     0.271      0.956      0.489     0.0359      0.259      0.232 
     0.442      0.733      0.439      0.909      0.763       0.98 

The inverse of A:

      -1.7      0.124      0.217       1.24     -0.765      0.583 
     0.841    -0.0223      0.859      0.202      0.617      -1.18 
     -2.41       1.61     -0.154      -1.36       1.65       1.05 
     -2.29        3.1       2.86     -0.731     -0.247     -0.843 
      1.83     -0.827      -1.74      0.353     -0.453      0.464 
      1.92      -2.99      -1.98      0.302     -0.274       1.59 

A * A^(-1):

         1  -2.22e-16          0   3.61e-16   7.08e-16   2.22e-16 
  2.19e-16          1  -1.58e-16  -4.45e-16  -5.35e-16   3.28e-16 
 -2.22e-16          0          1  -8.33e-16     -5e-16   2.22e-16 
  1.11e-16   2.22e-16  -3.89e-16          1   2.36e-16  -1.11e-16 
     5e-16  -7.77e-16  -7.22e-16   -1.8e-16          1   7.22e-16 
         0   8.88e-16   6.66e-16  -2.78e-16   6.11e-16          1 
