
----------------------------
Testing the decomp function
----------------------------

Random matrix A:

     0.334        0.1      0.288     0.0224 
     0.546      0.834       0.48      0.224 
     0.995      0.468      0.475     0.0431 
     0.489     0.0602      0.693      0.495 
     0.547      0.233      0.122      0.944 
     0.679      0.294      0.404      0.629 

R from random matrix:

      1.55      0.847      0.975      0.877 
         0      0.594     0.0245     -0.166 
         0          0      0.496   -0.00877 
         0          0          0      0.888 

Determinant of R and A = 0.40496547538852

Identity:

         1          0          0          0 
         0          1          0          0 
         0          0          1          0 
         0          0          0          1 

QT times Q:

         1  -4.09e-16  -3.54e-16  -9.71e-17 
 -4.09e-16          1   1.21e-17  -4.86e-17 
 -3.54e-16   1.21e-17          1  -2.95e-17 
 -9.71e-17  -4.86e-17  -2.95e-17          1 

TEST: QT*Q is approx equal to I

Q * R

     0.334        0.1      0.288     0.0224 
     0.546      0.834       0.48      0.224 
     0.995      0.468      0.475     0.0431 
     0.489     0.0602      0.693      0.495 
     0.547      0.233      0.122      0.944 
     0.679      0.294      0.404      0.629 

TEST: QR is approx equal to A

----------------------------
Testing the solve function
----------------------------

Random matrix A

     0.337       0.25        0.4      0.659      0.249     0.0669 
     0.783      0.928      0.146      0.982      0.794      0.779 
     0.499      0.551      0.251      0.976      0.851      0.789 
     0.139      0.924        0.7      0.514      0.749     0.0376 
    0.0716      0.297      0.183      0.572      0.694      0.678 
     0.371      0.708     0.0328      0.897      0.896       0.73 

B:
     0.651      0.777      0.565      0.545       0.61      0.631 

X:
     -3.09       2.47      0.863       2.55      -4.43       2.29 

A * X:
     0.651      0.777      0.565      0.545       0.61      0.631 

A * X is approx equal to B

----------------------------
Testing the inverse function
----------------------------

Random matrix A:

     0.437      0.368      0.636       0.29      0.644      0.351 
     0.753      0.682      0.938      0.534      0.825      0.549 
     0.092     0.0897      0.747     0.0866      0.852      0.757 
    0.0106      0.682      0.729      0.774      0.698      0.986 
     0.443      0.077      0.436      0.494      0.428       0.48 
     0.967     0.0132      0.583      0.981      0.253      0.607 

The inverse of A:

      -8.5       5.64      0.123      -1.66        5.6      -2.09 
     -5.82       4.43     -0.595     0.0133       2.52      -1.92 
      11.3      -6.12       1.86        1.3      -14.7       6.21 
      9.35      -6.07      -1.78       1.47      -2.21       1.67 
      2.57      -1.54      -1.64      -0.38       7.13      -3.07 
     -13.4       7.26        1.6     -0.828       5.76      -2.38 

A * A^(-1):

         1  -4.44e-16   4.11e-15   4.44e-16  -8.88e-16      3e-15 
  4.44e-15          1  -2.11e-15   7.77e-16  -3.55e-15   6.66e-16 
  3.55e-15  -3.55e-15          1   6.66e-16  -7.11e-15   1.55e-15 
         0  -8.88e-16   6.66e-16          1  -8.88e-16   4.44e-16 
  8.88e-16  -3.11e-15  -3.89e-15   6.66e-16          1  -4.44e-16 
  3.55e-15  -2.66e-15   1.67e-15   9.99e-16  -3.55e-15          1 
