Random symmetric matrix A:
      1.12      0.816      0.605      0.948      0.587 
     0.816       1.36     0.0322       1.35       1.58 
     0.605     0.0322       1.88       1.14       1.36 
     0.948       1.35       1.14     0.0826       1.37 
     0.587       1.58       1.36       1.37      0.316 
Eigenvalues: -1.27121747254766 -1.10945244313195 0.583091481238352 1.65316751882935 4.9058011475162 

Matrix D:
     -1.27          0          0          0          0 
         0      -1.11          0          0          0 
         0          0      0.583          0          0 
         0          0          0       1.65          0 
         0          0          0          0       4.91 

Matrix V^T*A*V:
(0 when Abs(element) < 1E-06)
     -1.27          0          0          0          0 
         0      -1.11          0          0          0 
         0          0      0.583          0          0 
         0          0          0       1.65          0 
         0          0          0          0       4.91 


Matrix V*D*V^T:
(0 when Abs(element) < 1E-06)
      1.12      0.816      0.605      0.948      0.587 
     0.816       1.36     0.0322       1.35       1.58 
     0.605     0.0322       1.88       1.14       1.36 
     0.948       1.35       1.14     0.0826       1.37 
     0.587       1.58       1.36       1.37      0.316 


Matrix V^T*V:
(0 when Abs(element) < 1E-06)
         1          0          0          0          0 
         0          1          0          0          0 
         0          0          1          0          0 
         0          0          0          1          0 
         0          0          0          0          1 


Matrix V*V^T:
(0 when Abs(element) < 1E-06)
         1          0          0          0          0 
         0          1          0          0          0 
         0          0          1          0          0 
         0          0          0          1          0 
         0          0          0          0          1 

